tile   harga  sewa    sewa     sewa    sewa    sewa    sewa
                      1rmh     2rmh    3rmh    4rmh    1hotel

2        60     2       10      30      90      160     250
4        60     4       20      60      180     320     450
6        200    25      50      100     200
7        100    6       30      90      270     400     550
9        100    6       30      90      270     400     550
10       120    8       40      100     300     450     600
12       140    10      50      150     450     625     750
13       150    4 dikali angka dadu    10 dikali angka dadu
14       140    10      50      150     450     625     750
15       160    12      60      180     500     700     900
16       200    25      50      100     200
17       180    14      70      200     550     750     950
19       180    14      70      200     550     750     950
20       200    16      80      220     600     800     1000
22       220    18      90      250     700     875     1050
24       220    18      90      250     700     875     1050
25       240    20      100     300     750     925     1100
26       200    25      50      100     200
27       260    22      110     330     800     975     1150
28       260    22      110     330     800     975     1150
29       150    4 dikali angka dadu    10 dikali angka dadu
30       280    24      120     360     850     1025    1200
32       300    26      130     390     900     1100    1275
33       300    26      130     390     900     1100    1275
35       320    28      150     450     1000    1200    1400
36       200    25      50      100     200
38       350    35      175     500     1100    1300    1500
40       400    50      200     600     1400    1700    2000